0	-2.20876615e-10	-9.92935616e-10	-2.87243423e-10	0	-3.97993437e-10	0	9.825641e-10	-1.10231256e-09	0	1.02216245e-09	0	-3.09446686e-10	0	-4.00650394e-10	0	-1.64780698e-11	0	2.8626589e-11	0	2.34566847e-10	-5.11161254e-10	-7.39065391e-10	-1.71435632e-09	0	-3.22558381e-10	0	-1.35970782e-09	4.24126741e-10	0	4.19494963e-10	0	-8.76974118e-10	0	3.84344894e-10	0	-2.68655584e-10	-1.36235124e-10	0	1.33023375e-10	0	-5.97480725e-11	0	3.26046299e-12	0	1.21205855e-11	0	8.84902985e-11	0	-5.52133591e-11	0	1.79281395e-10	0	-4.01039885e-10	0	-2.56244775e-10	0	-9.740540299999999e-10	2.58558344e-10	-2.30807091e-12	0	-5.99112627e-12	0	1.38807362e-10	-1.40363027e-10	0	-5.32007756e-12	0	-1.20378689e-10	0	-3.24127398e-11	0	7.21689649e-11	2.1482625e-11	0	2.99545154e-11	0	-2.65392352e-11	0	-8.87302754e-11	0	4.36938281e-11	0	2.41714845e-10	0	-8.621397870000001e-11	0	-2.18759246e-10	0	2.15413459e-10	0	-1.12334101e-10	0	-2.50829978e-10
0	-546750	-1913625	0	0	-364500	0	1275750	0	0	637875	0	-318937.5	0	637875	0	-318937.5	0	-364500	0	1275750	0	-455625	-1594687.5	0	-182250	0	-1275750	0	0	182250	0	-637875	0	182250	0	-182250	0	0	45562.5	0	-22781.25	0	45562.5	0	-22781.25	0	182250	0	-182250	0	182250	0	-637875	0	-182250	0	-1275750	-455625	-1594687.5	0	182250	0	1275750	0	0	182250	0	-637875	0	-182250	0	182250	0	0	45562.5	0	-22781.25	0	45562.5	0	-22781.25	0	-182250	0	182250	0	182250	0	-637875	0	182250	0	1275750
0	0	0	0	-2.24528e-10	0	-7.69099152e-10	0	0	-1.13442172e-09	0	5.25694445e-10	0	-7.54829557e-10	0	3.28717587e-11	0	-1.05720735e-10	0	1.39123127e-10	0	0	0	0	6.00763024e-10	0	6.14930361e-10	0	0	2.55499089e-10	0	7.70083591e-10	0	-2.59932939e-10	0	3.43485939e-10	0	0	-1.67515356e-10	0	7.89232106e-11	0	5.11733125e-12	0	-1.64187073e-11	0	3.67965702e-11	0	-1.07023821e-10	0	-7.05713745e-11	0	-3.73150441e-10	0	-3.69525407e-10	0	-4.49420486e-10	0	0	0	1.7241558e-10	0	-3.03144868e-11	0	0	-7.03444203e-11	0	2.72364665e-11	0	-3.8259181e-13	0	-7.01358338e-11	0	0	1.85312175e-11	0	2.83084921e-11	0	-1.06955402e-10	0	4.35544198e-11	0	2.23150365e-10	0	-1.40437001e-10	0	1.65545736e-10	0	2.72199013e-10	0	-4.11770401e-10	0	-1.52669912e-10	0
0	0	1.01581621e-09	-9.791656999999999e-11	0	0	0	-1.00026104e-09	-3.64951387e-10	0	0	0	3.04305165e-10	0	0	0	2.72607587e-11	0	0	0	-2.8495193e-10	-1.69461637e-10	0	1.73945781e-09	0	0	0	1.35864841e-09	1.4213088e-10	0	0	0	8.99918026e-10	0	0	0	2.75422888e-10	-4.46939267e-11	0	0	0	6.235169930000001e-11	0	0	0	-4.65554989e-12	0	0	0	7.41169426e-11	0	0	0	4.05258772e-10	0	0	0	9.48943154e-10	0	-1.54368011e-11	0	0	0	-1.28579279e-10	-4.99642205e-11	0	0	0	1.24701483e-10	0	0	0	-7.89892154e-11	6.93697786e-12	0	0	0	2.50592294e-11	0	0	0	-4.28314117e-11	0	0	0	8.18156773e-11	0	0	0	-1.76373792e-10	0	0	0	2.32303323e-10
0	0	0	0	-182250	0	-1275750	0	0	-637875	0	637875	0	637875	0	-637875	0	182250	0	1275750	0	0	0	0	273375	0	637875	0	0	91125	0	637875	0	-91125	0	273375	0	0	-45562.5	0	45562.5	0	45562.5	0	-45562.5	0	91125	0	-273375	0	-91125	0	-637875	0	-273375	0	-637875	0	0	0	-273375	0	-637875	0	0	91125	0	637875	0	91125	0	-273375	0	0	-45562.5	0	45562.5	0	45562.5	0	-45562.5	0	-91125	0	273375	0	-91125	0	-637875	0	273375	0	637875	0
0	2.72621037e-10	0	3.64073843e-10	0	3.74702939e-10	0	0	1.36750189e-09	0	-9.840533869999999e-10	0	0	0	3.5260216e-10	0	0	0	-2.76447222e-11	0	0	5.76491472e-10	7.27568082e-10	0	0	2.84415656e-10	0	0	-5.81124049e-10	0	-3.84134084e-10	0	0	0	-4.00423538e-10	0	0	1.85125257e-10	0	-1.38956657e-10	0	0	0	-1.61188537e-12	0	0	0	-9.36645917e-11	0	0	0	-1.60055598e-10	0	0	0	2.02127897e-10	0	0	-2.57867417e-10	0	0	5.96466273e-11	0	0	2.02980521e-10	0	6.07737752e-12	0	0	0	3.565956e-11	0	0	-2.29910051e-11	0	-1.85035597e-11	0	0	0	7.72700332e-11	0	0	0	-2.27859588e-10	0	0	0	2.29821209e-10	0	0	0	1.47985466e-10	0	0
0	0	1.01581621e-09	-9.791656999999999e-11	0	0	0	-1.00026104e-09	-3.64951387e-10	0	0	0	3.04305165e-10	0	0	0	2.72607587e-11	0	0	0	-2.8495193e-10	-1.69461637e-10	0	1.73945781e-09	0	0	0	1.35864841e-09	1.4213088e-10	0	0	0	8.99918026e-10	0	0	0	2.75422888e-10	-4.46939267e-11	0	0	0	6.235169930000001e-11	0	0	0	-4.65554989e-12	0	0	0	7.41169426e-11	0	0	0	4.05258772e-10	0	0	0	9.48943154e-10	0	-1.54368011e-11	0	0	0	-1.28579279e-10	-4.99642205e-11	0	0	0	1.24701483e-10	0	0	0	-7.89892154e-11	6.93697786e-12	0	0	0	2.50592294e-11	0	0	0	-4.28314117e-11	0	0	0	8.18156773e-11	0	0	0	-1.76373792e-10	0	0	0	2.32303323e-10
0	0	0	0	-182250	0	-1275750	0	0	-637875	0	637875	0	637875	0	-637875	0	182250	0	1275750	0	0	0	0	273375	0	637875	0	0	91125	0	637875	0	-91125	0	273375	0	0	-45562.5	0	45562.5	0	45562.5	0	-45562.5	0	91125	0	-273375	0	-91125	0	-637875	0	-273375	0	-637875	0	0	0	-273375	0	-637875	0	0	91125	0	637875	0	91125	0	-273375	0	0	-45562.5	0	45562.5	0	45562.5	0	-45562.5	0	-91125	0	273375	0	-91125	0	-637875	0	273375	0	637875	0
0	2.72621037e-10	0	3.64073843e-10	0	3.74702939e-10	0	0	1.36750189e-09	0	-9.840533869999999e-10	0	0	0	3.5260216e-10	0	0	0	-2.76447222e-11	0	0	5.76491472e-10	7.27568082e-10	0	0	2.84415656e-10	0	0	-5.81124049e-10	0	-3.84134084e-10	0	0	0	-4.00423538e-10	0	0	1.85125257e-10	0	-1.38956657e-10	0	0	0	-1.61188537e-12	0	0	0	-9.36645917e-11	0	0	0	-1.60055598e-10	0	0	0	2.02127897e-10	0	0	-2.57867417e-10	0	0	5.96466273e-11	0	0	2.02980521e-10	0	6.07737752e-12	0	0	0	3.565956e-11	0	0	-2.29910051e-11	0	-1.85035597e-11	0	0	0	7.72700332e-11	0	0	0	-2.27859588e-10	0	0	0	2.29821209e-10	0	0	0	1.47985466e-10	0	0
0	-546750	1913625	0	0	-364500	0	-1275750	0	0	637875	0	318937.5	0	637875	0	318937.5	0	-364500	0	-1275750	0	-455625	1594687.5	0	-182250	0	1275750	0	0	182250	0	637875	0	182250	0	182250	0	0	45562.5	0	22781.25	0	45562.5	0	22781.25	0	182250	0	182250	0	182250	0	637875	0	-182250	0	1275750	-455625	1594687.5	0	182250	0	-1275750	0	0	182250	0	637875	0	-182250	0	-182250	0	0	45562.5	0	22781.25	0	45562.5	0	22781.25	0	-182250	0	-182250	0	182250	0	637875	0	182250	0	-1275750
0	0	0	0	-7.524725999999999e-11	0	7.62711136e-10	0	0	-3.95916498e-10	0	-5.34179389e-10	0	-2.4905426e-10	0	-4.00638105e-11	0	-3.64719015e-11	0	-1.11262357e-10	0	0	0	0	1.71865722e-10	0	-6.05064413e-10	0	0	8.30767393e-11	0	-7.6173594e-10	0	-1.00350577e-10	0	-3.52302116e-10	0	0	-5.57853852e-11	0	-7.85924029e-11	0	1.47204654e-12	0	1.55140439e-11	0	2.57644833e-11	0	1.1442497e-10	0	-2.03837545e-11	0	3.73114386e-10	0	-9.23905309e-11	0	4.42693336e-10	0	0	0	8.02288729e-11	0	2.43614764e-11	0	0	-2.65215593e-11	0	-2.66033385e-11	0	1.07102444e-11	0	7.86145045e-11	0	0	4.10271171e-12	0	-2.77648387e-11	0	-3.51212988e-11	0	-4.32215023e-11	0	5.76419943e-11	0	1.33878004e-10	0	5.61922418e-11	0	-2.72044594e-10	0	-1.63416732e-10	0	1.90181051e-10	0
0	1.76441972e-10	-1.13996354e-09	-2.9694073e-10	0	3.82801669e-10	0	9.81358726e-10	-1.09839181e-09	0	-1.00758134e-09	0	-3.32037072e-10	0	3.70997784e-10	0	-5.50168614e-11	0	-1.69009954e-11	0	2.83996655e-10	-5.13288323e-10	7.63845232e-10	-1.69034647e-09	0	2.54047224e-10	0	-1.32807504e-09	4.21896745e-10	0	-4.14954546e-10	0	-8.81830124e-10	0	-3.92551126e-10	0	-2.87062004e-10	-1.37474778e-10	0	-1.32998343e-10	0	-6.333248960000001e-11	0	-3.64486031e-12	0	6.88931014e-12	0	-1.02382873e-10	0	-8.41020906e-11	0	-1.74797496e-10	0	-4.19775606e-10	0	1.86227061e-10	0	-9.66899466e-10	-2.63855051e-10	4.55084323e-11	0	9.757409150000001e-11	0	1.3451442e-10	-1.39392618e-10	0	2.07901039e-11	0	-1.4186738e-10	0	4.0767838e-11	0	8.316682500000001e-11	1.94856514e-11	0	-3.09778424e-11	0	-2.95969754e-11	0	8.66503772e-11	0	3.78098856e-11	0	-2.29171192e-10	0	-7.43476599e-11	0	2.40448086e-10	0	1.8326179e-10	0	1.75408847e-10	0	-2.37983655e-10
0	0	0	0	-546750	0	1275750	0	0	-1913625	0	-637875	0	1913625	0	637875	0	546750	0	-1275750	0	0	0	0	820125	0	-637875	0	0	273375	0	-637875	0	-273375	0	-273375	0	0	-136687.5	0	-45562.5	0	136687.5	0	45562.5	0	273375	0	273375	0	-273375	0	637875	0	-820125	0	637875	0	0	0	-820125	0	637875	0	0	273375	0	-637875	0	273375	0	273375	0	0	-136687.5	0	-45562.5	0	136687.5	0	45562.5	0	-273375	0	-273375	0	-273375	0	637875	0	820125	0	-637875	0
0	-2.94805709e-10	0	3.61707155e-10	0	-3.80089912e-10	0	0	1.36852189e-09	0	9.711533730000001e-10	0	0	0	-3.48986729e-10	0	0	0	3.50226806e-11	0	0	5.77199072e-10	-7.27564252e-10	0	0	-2.84319905e-10	0	0	-5.81153568e-10	0	3.74004693e-10	0	0	0	3.94189386e-10	0	0	1.84880722e-10	0	1.38997315e-10	0	0	0	2.06678152e-12	0	0	0	9.61207697e-11	0	0	0	1.59666883e-10	0	0	0	-2.00585698e-10	0	0	2.59256105e-10	0	0	-5.75941079e-11	0	0	2.02514715e-10	0	-1.15813427e-11	0	0	0	-3.66459938e-11	0	0	-2.28280917e-11	0	1.9251998e-11	0	0	0	-7.666696700000001e-11	0	0	0	2.27540245e-10	0	0	0	-2.34532492e-10	0	0	0	-1.46774481e-10	0	0
0	0	0	0	-7.97603606e-11	0	7.56918144e-10	0	0	-3.86500981e-10	0	-5.250253790000001e-10	0	-2.39187656e-10	0	-5.1050212e-11	0	-3.54889837e-11	0	-1.03492119e-10	0	0	0	0	1.68506957e-10	0	-5.99644367e-10	0	0	8.39211572e-11	0	-7.65217491e-10	0	-1.02516121e-10	0	-3.50985192e-10	0	0	-5.6353657e-11	0	-7.74149259e-11	0	1.30966208e-12	0	1.6953685e-11	0	2.45035495e-11	0	1.15643162e-10	0	-2.3359795e-11	0	3.74239771e-10	0	-9.46566204e-11	0	4.47745499e-10	0	0	0	8.123328450000001e-11	0	3.28814389e-11	0	0	-2.63567233e-11	0	-3.22533928e-11	0	1.05564173e-11	0	7.63658553e-11	0	0	5.33098164e-12	0	-2.78213037e-11	0	-3.56891572e-11	0	-4.32710923e-11	0	5.7485393e-11	0	1.33436502e-10	0	5.62166641e-11	0	-2.70743417e-10	0	-1.64485569e-10	0	1.91963676e-10	0
0	1093500	0	0	0	729000	0	0	0	0	-1275750	0	0	0	-1275750	0	0	0	729000	0	0	0	911250	0	0	364500	0	0	0	0	-364500	0	0	0	-364500	0	0	0	0	-91125	0	0	0	-91125	0	0	0	-364500	0	0	0	-364500	0	0	0	364500	0	0	911250	0	0	-364500	0	0	0	0	-364500	0	0	0	364500	0	0	0	0	-91125	0	0	0	-91125	0	0	0	364500	0	0	0	-364500	0	0	0	-364500	0	0
0	-2.94805709e-10	0	3.61707155e-10	0	-3.80089912e-10	0	0	1.36852189e-09	0	9.711533730000001e-10	0	0	0	-3.48986729e-10	0	0	0	3.50226806e-11	0	0	5.77199072e-10	-7.27564252e-10	0	0	-2.84319905e-10	0	0	-5.81153568e-10	0	3.74004693e-10	0	0	0	3.94189386e-10	0	0	1.84880722e-10	0	1.38997315e-10	0	0	0	2.06678152e-12	0	0	0	9.61207697e-11	0	0	0	1.59666883e-10	0	0	0	-2.00585698e-10	0	0	2.59256105e-10	0	0	-5.75941079e-11	0	0	2.02514715e-10	0	-1.15813427e-11	0	0	0	-3.66459938e-11	0	0	-2.28280917e-11	0	1.9251998e-11	0	0	0	-7.666696700000001e-11	0	0	0	2.27540245e-10	0	0	0	-2.34532492e-10	0	0	0	-1.46774481e-10	0	0
0	1093500	0	0	0	729000	0	0	0	0	-1275750	0	0	0	-1275750	0	0	0	729000	0	0	0	911250	0	0	364500	0	0	0	0	-364500	0	0	0	-364500	0	0	0	0	-91125	0	0	0	-91125	0	0	0	-364500	0	0	0	-364500	0	0	0	364500	0	0	911250	0	0	-364500	0	0	0	0	-364500	0	0	0	364500	0	0	0	0	-91125	0	0	0	-91125	0	0	0	364500	0	0	0	-364500	0	0	0	-364500	0	0
0	0	0	0	3.01330558e-10	0	0	0	0	1.54385074e-09	0	0	0	9.766055850000001e-10	0	0	0	1.62430404e-10	0	0	0	0	0	0	-7.62631812e-10	0	0	0	0	-3.51884378e-10	0	0	0	3.58435908e-10	0	0	0	0	2.12402875e-10	0	0	0	-1.49088872e-11	0	0	0	-6.332030060000001e-11	0	0	0	1.12376608e-10	0	0	0	4.39755121e-10	0	0	0	0	0	-2.7232562e-10	0	0	0	0	1.15646799e-10	0	0	0	-1.70273743e-11	0	0	0	0	-1.36639756e-11	0	0	0	1.43561905e-10	0	0	0	-2.77618136e-10	0	0	0	-2.44802784e-10	0	0	0	5.81320056e-10	0	0	0
0	0	0	0	729000	0	0	0	0	2551500	0	0	0	-2551500	0	0	0	-729000	0	0	0	0	0	0	-1093500	0	0	0	0	-364500	0	0	0	364500	0	0	0	0	182250	0	0	0	-182250	0	0	0	-364500	0	0	0	364500	0	0	0	1093500	0	0	0	0	0	1093500	0	0	0	0	-364500	0	0	0	-364500	0	0	0	0	182250	0	0	0	-182250	0	0	0	364500	0	0	0	364500	0	0	0	-1093500	0	0	0
0	0	0	-7.34316407e-10	0	0	0	0	-2.77188032e-09	0	0	0	0	0	0	0	0	0	0	0	0	-1.2388675e-09	0	0	0	0	0	0	1.20442341e-09	0	0	0	0	0	0	0	0	-3.96077616e-10	0	0	0	0	0	0	0	0	0	0	0	0	0	0	0	0	0	0	0	0	0	0	0	0	0	0	-4.40715138e-10	0	0	0	0	0	0	0	0	9.49973143e-12	0	0	0	0	0	0	0	0	0	0	0	0	0	0	0	0	0	0	0	0
