   0.095993108859688   0.898844564777080   0.092502450355699
   0.095993108859688   0.909316540289046   0.280998009571087
   0.095993108859688   0.935496479068961   0.472984227290463
   0.095993108859688   0.982620368872807   0.678933079025794
   0.095993108859688   1.111774733520388   0.092502450355699
   0.095993108859688   1.120501379780360   0.280998009571087
   0.095993108859688   1.141445330804292   0.472984227290463
   0.095993108859688   1.176351915844178   0.678933079025794
   0.095993108859688   1.302015621987770   0.092502450355699
   0.095993108859688   1.307251609743753   0.280998009571087
   0.095993108859688   1.317723585255719   0.472984227290463
   0.095993108859688   1.338667536279651   0.678933079025794
   0.095993108859688   1.481784534943186   0.092502450355699
   0.095993108859688   1.483529864195180   0.280998009571087
   0.095993108859688   1.487020522699169   0.472984227290463
   0.095993108859688   1.494001839707146   0.678933079025794
   0.286233997327070   0.898844564777080   0.092502450355699
   0.286233997327070   0.909316540289046   0.280998009571087
   0.286233997327070   0.935496479068961   0.472984227290463
   0.286233997327070   0.982620368872807   0.678933079025794
   0.286233997327070   1.111774733520388   0.092502450355699
   0.286233997327070   1.120501379780360   0.280998009571087
   0.286233997327070   1.141445330804292   0.472984227290463
   0.286233997327070   1.176351915844178   0.678933079025794
   0.286233997327070   1.302015621987770   0.092502450355699
   0.286233997327070   1.307251609743753   0.280998009571087
   0.286233997327070   1.317723585255719   0.472984227290463
   0.286233997327070   1.338667536279651   0.678933079025794
   0.286233997327070   1.481784534943186   0.092502450355699
   0.286233997327070   1.483529864195180   0.280998009571087
   0.286233997327070   1.487020522699169   0.472984227290463
   0.286233997327070   1.494001839707146   0.678933079025794
   0.476474885794452   0.898844564777080   0.092502450355699
   0.476474885794452   0.909316540289046   0.280998009571087
   0.476474885794452   0.935496479068961   0.472984227290463
   0.476474885794452   0.982620368872807   0.678933079025794
   0.476474885794452   1.111774733520388   0.092502450355699
   0.476474885794452   1.120501379780360   0.280998009571087
   0.476474885794452   1.141445330804292   0.472984227290463
   0.476474885794452   1.176351915844178   0.678933079025794
   0.476474885794452   1.302015621987770   0.092502450355699
   0.476474885794452   1.307251609743753   0.280998009571087
   0.476474885794452   1.317723585255719   0.472984227290463
   0.476474885794452   1.338667536279651   0.678933079025794
   0.476474885794452   1.481784534943186   0.092502450355699
   0.476474885794452   1.483529864195180   0.280998009571087
   0.476474885794452   1.487020522699169   0.472984227290463
   0.476474885794452   1.494001839707146   0.678933079025794
   0.666715774261834   0.898844564777080   0.092502450355699
   0.666715774261834   0.909316540289046   0.280998009571087
   0.666715774261834   0.935496479068961   0.472984227290463
   0.666715774261834   0.982620368872807   0.678933079025794
   0.666715774261834   1.111774733520388   0.092502450355699
   0.666715774261834   1.120501379780360   0.280998009571087
   0.666715774261834   1.141445330804292   0.472984227290463
   0.666715774261834   1.176351915844178   0.678933079025794
   0.666715774261834   1.302015621987770   0.092502450355699
   0.666715774261834   1.307251609743753   0.280998009571087
   0.666715774261834   1.317723585255719   0.472984227290463
   0.666715774261834   1.338667536279651   0.678933079025794
   0.666715774261834   1.481784534943186   0.092502450355699
   0.666715774261834   1.483529864195180   0.280998009571087
   0.666715774261834   1.487020522699169   0.472984227290463
   0.666715774261834   1.494001839707146   0.678933079025794
   0.856956662729216   0.898844564777080   0.092502450355699
   0.856956662729216   0.909316540289046   0.280998009571087
   0.856956662729216   0.935496479068961   0.472984227290463
   0.856956662729216   0.982620368872807   0.678933079025794
   0.856956662729216   1.111774733520388   0.092502450355699
   0.856956662729216   1.120501379780360   0.280998009571087
   0.856956662729216   1.141445330804292   0.472984227290463
   0.856956662729216   1.176351915844178   0.678933079025794
   0.856956662729216   1.302015621987770   0.092502450355699
   0.856956662729216   1.307251609743753   0.280998009571087
   0.856956662729216   1.317723585255719   0.472984227290463
   0.856956662729216   1.338667536279651   0.678933079025794
   0.856956662729216   1.481784534943186   0.092502450355699
   0.856956662729216   1.483529864195180   0.280998009571087
   0.856956662729216   1.487020522699169   0.472984227290463
   0.856956662729216   1.494001839707146   0.678933079025794
   1.047197551196598   0.898844564777080   0.092502450355699
   1.047197551196598   0.909316540289046   0.280998009571087
   1.047197551196598   0.935496479068961   0.472984227290463
   1.047197551196598   0.982620368872807   0.678933079025794
   1.047197551196598   1.111774733520388   0.092502450355699
   1.047197551196598   1.120501379780360   0.280998009571087
   1.047197551196598   1.141445330804292   0.472984227290463
   1.047197551196598   1.176351915844178   0.678933079025794
   1.047197551196598   1.302015621987770   0.092502450355699
   1.047197551196598   1.307251609743753   0.280998009571087
   1.047197551196598   1.317723585255719   0.472984227290463
   1.047197551196598   1.338667536279651   0.678933079025794
   1.047197551196598   1.481784534943186   0.092502450355699
   1.047197551196598   1.483529864195180   0.280998009571087
   1.047197551196598   1.487020522699169   0.472984227290463
   1.047197551196598   1.494001839707146   0.678933079025794
   1.237438439663980   0.898844564777080   0.092502450355699
   1.237438439663980   0.909316540289046   0.280998009571087
   1.237438439663980   0.935496479068961   0.472984227290463
   1.237438439663980   0.982620368872807   0.678933079025794
   1.237438439663980   1.111774733520388   0.092502450355699
   1.237438439663980   1.120501379780360   0.280998009571087
   1.237438439663980   1.141445330804292   0.472984227290463
   1.237438439663980   1.176351915844178   0.678933079025794
   1.237438439663980   1.302015621987770   0.092502450355699
   1.237438439663980   1.307251609743753   0.280998009571087
   1.237438439663980   1.317723585255719   0.472984227290463
   1.237438439663980   1.338667536279651   0.678933079025794
   1.237438439663980   1.481784534943186   0.092502450355699
   1.237438439663980   1.483529864195180   0.280998009571087
   1.237438439663980   1.487020522699169   0.472984227290463
   1.237438439663980   1.494001839707146   0.678933079025794
   1.427679328131362   0.898844564777080   0.092502450355699
   1.427679328131362   0.909316540289046   0.280998009571087
   1.427679328131362   0.935496479068961   0.472984227290463
   1.427679328131362   0.982620368872807   0.678933079025794
   1.427679328131362   1.111774733520388   0.092502450355699
   1.427679328131362   1.120501379780360   0.280998009571087
   1.427679328131362   1.141445330804292   0.472984227290463
   1.427679328131362   1.176351915844178   0.678933079025794
   1.427679328131362   1.302015621987770   0.092502450355699
   1.427679328131362   1.307251609743753   0.280998009571087
   1.427679328131362   1.317723585255719   0.472984227290463
   1.427679328131362   1.338667536279651   0.678933079025794
   1.427679328131362   1.481784534943186   0.092502450355699
   1.427679328131362   1.483529864195180   0.280998009571087
   1.427679328131362   1.487020522699169   0.472984227290463
   1.427679328131362   1.494001839707146   0.678933079025794
   1.617920216598744   0.898844564777080   0.092502450355699
   1.617920216598744   0.909316540289046   0.280998009571087
   1.617920216598744   0.935496479068961   0.472984227290463
   1.617920216598744   0.982620368872807   0.678933079025794
   1.617920216598744   1.111774733520388   0.092502450355699
   1.617920216598744   1.120501379780360   0.280998009571087
   1.617920216598744   1.141445330804292   0.472984227290463
   1.617920216598744   1.176351915844178   0.678933079025794
   1.617920216598744   1.302015621987770   0.092502450355699
   1.617920216598744   1.307251609743753   0.280998009571087
   1.617920216598744   1.317723585255719   0.472984227290463
   1.617920216598744   1.338667536279651   0.678933079025794
   1.617920216598744   1.481784534943186   0.092502450355699
   1.617920216598744   1.483529864195180   0.280998009571087
   1.617920216598744   1.487020522699169   0.472984227290463
   1.617920216598744   1.494001839707146   0.678933079025794
   1.808161105066125   0.898844564777080   0.092502450355699
   1.808161105066125   0.909316540289046   0.280998009571087
   1.808161105066125   0.935496479068961   0.472984227290463
   1.808161105066125   0.982620368872807   0.678933079025794
   1.808161105066125   1.111774733520388   0.092502450355699
   1.808161105066125   1.120501379780360   0.280998009571087
   1.808161105066125   1.141445330804292   0.472984227290463
   1.808161105066125   1.176351915844178   0.678933079025794
   1.808161105066125   1.302015621987770   0.092502450355699
   1.808161105066125   1.307251609743753   0.280998009571087
   1.808161105066125   1.317723585255719   0.472984227290463
   1.808161105066125   1.338667536279651   0.678933079025794
   1.808161105066125   1.481784534943186   0.092502450355699
   1.808161105066125   1.483529864195180   0.280998009571087
   1.808161105066125   1.487020522699169   0.472984227290463
   1.808161105066125   1.494001839707146   0.678933079025794
   1.998401993533507   0.898844564777080   0.092502450355699
   1.998401993533507   0.909316540289046   0.280998009571087
   1.998401993533507   0.935496479068961   0.472984227290463
   1.998401993533507   0.982620368872807   0.678933079025794
   1.998401993533507   1.111774733520388   0.092502450355699
   1.998401993533507   1.120501379780360   0.280998009571087
   1.998401993533507   1.141445330804292   0.472984227290463
   1.998401993533507   1.176351915844178   0.678933079025794
   1.998401993533507   1.302015621987770   0.092502450355699
   1.998401993533507   1.307251609743753   0.280998009571087
   1.998401993533507   1.317723585255719   0.472984227290463
   1.998401993533507   1.338667536279651   0.678933079025794
   1.998401993533507   1.481784534943186   0.092502450355699
   1.998401993533507   1.483529864195180   0.280998009571087
   1.998401993533507   1.487020522699169   0.472984227290463
   1.998401993533507   1.494001839707146   0.678933079025794
   2.190388211252884   0.898844564777080   0.092502450355699
   2.190388211252884   0.909316540289046   0.280998009571087
   2.190388211252884   0.935496479068961   0.472984227290463
   2.190388211252884   0.982620368872807   0.678933079025794
   2.190388211252884   1.111774733520388   0.092502450355699
   2.190388211252884   1.120501379780360   0.280998009571087
   2.190388211252884   1.141445330804292   0.472984227290463
   2.190388211252884   1.176351915844178   0.678933079025794
   2.190388211252884   1.302015621987770   0.092502450355699
   2.190388211252884   1.307251609743753   0.280998009571087
   2.190388211252884   1.317723585255719   0.472984227290463
   2.190388211252884   1.338667536279651   0.678933079025794
   2.190388211252884   1.481784534943186   0.092502450355699
   2.190388211252884   1.483529864195180   0.280998009571087
   2.190388211252884   1.487020522699169   0.472984227290463
   2.190388211252884   1.494001839707146   0.678933079025794
   2.380629099720266   0.898844564777080   0.092502450355699
   2.380629099720266   0.909316540289046   0.280998009571087
   2.380629099720266   0.935496479068961   0.472984227290463
   2.380629099720266   0.982620368872807   0.678933079025794
   2.380629099720266   1.111774733520388   0.092502450355699
   2.380629099720266   1.120501379780360   0.280998009571087
   2.380629099720266   1.141445330804292   0.472984227290463
   2.380629099720266   1.176351915844178   0.678933079025794
   2.380629099720266   1.302015621987770   0.092502450355699
   2.380629099720266   1.307251609743753   0.280998009571087
   2.380629099720266   1.317723585255719   0.472984227290463
   2.380629099720266   1.338667536279651   0.678933079025794
   2.380629099720266   1.481784534943186   0.092502450355699
   2.380629099720266   1.483529864195180   0.280998009571087
   2.380629099720266   1.487020522699169   0.472984227290463
   2.380629099720266   1.494001839707146   0.678933079025794
   2.570869988187648   0.898844564777080   0.092502450355699
   2.570869988187648   0.909316540289046   0.280998009571087
   2.570869988187648   0.935496479068961   0.472984227290463
   2.570869988187648   0.982620368872807   0.678933079025794
   2.570869988187648   1.111774733520388   0.092502450355699
   2.570869988187648   1.120501379780360   0.280998009571087
   2.570869988187648   1.141445330804292   0.472984227290463
   2.570869988187648   1.176351915844178   0.678933079025794
   2.570869988187648   1.302015621987770   0.092502450355699
   2.570869988187648   1.307251609743753   0.280998009571087
   2.570869988187648   1.317723585255719   0.472984227290463
   2.570869988187648   1.338667536279651   0.678933079025794
   2.570869988187648   1.481784534943186   0.092502450355699
   2.570869988187648   1.483529864195180   0.280998009571087
   2.570869988187648   1.487020522699169   0.472984227290463
   2.570869988187648   1.494001839707146   0.678933079025794
   2.761110876655029   0.898844564777080   0.092502450355699
   2.761110876655029   0.909316540289046   0.280998009571087
   2.761110876655029   0.935496479068961   0.472984227290463
   2.761110876655029   0.982620368872807   0.678933079025794
   2.761110876655029   1.111774733520388   0.092502450355699
   2.761110876655029   1.120501379780360   0.280998009571087
   2.761110876655029   1.141445330804292   0.472984227290463
   2.761110876655029   1.176351915844178   0.678933079025794
   2.761110876655029   1.302015621987770   0.092502450355699
   2.761110876655029   1.307251609743753   0.280998009571087
   2.761110876655029   1.317723585255719   0.472984227290463
   2.761110876655029   1.338667536279651   0.678933079025794
   2.761110876655029   1.481784534943186   0.092502450355699
   2.761110876655029   1.483529864195180   0.280998009571087
   2.761110876655029   1.487020522699169   0.472984227290463
   2.761110876655029   1.494001839707146   0.678933079025794
   2.951351765122411   0.898844564777080   0.092502450355699
   2.951351765122411   0.909316540289046   0.280998009571087
   2.951351765122411   0.935496479068961   0.472984227290463
   2.951351765122411   0.982620368872807   0.678933079025794
   2.951351765122411   1.111774733520388   0.092502450355699
   2.951351765122411   1.120501379780360   0.280998009571087
   2.951351765122411   1.141445330804292   0.472984227290463
   2.951351765122411   1.176351915844178   0.678933079025794
   2.951351765122411   1.302015621987770   0.092502450355699
   2.951351765122411   1.307251609743753   0.280998009571087
   2.951351765122411   1.317723585255719   0.472984227290463
   2.951351765122411   1.338667536279651   0.678933079025794
   2.951351765122411   1.481784534943186   0.092502450355699
   2.951351765122411   1.483529864195180   0.280998009571087
   2.951351765122411   1.487020522699169   0.472984227290463
   2.951351765122411   1.494001839707146   0.678933079025794
   3.141592653589793   0.898844564777080   0.092502450355699
   3.141592653589793   0.909316540289046   0.280998009571087
   3.141592653589793   0.935496479068961   0.472984227290463
   3.141592653589793   0.982620368872807   0.678933079025794
   3.141592653589793   1.111774733520388   0.092502450355699
   3.141592653589793   1.120501379780360   0.280998009571087
   3.141592653589793   1.141445330804292   0.472984227290463
   3.141592653589793   1.176351915844178   0.678933079025794
   3.141592653589793   1.302015621987770   0.092502450355699
   3.141592653589793   1.307251609743753   0.280998009571087
   3.141592653589793   1.317723585255719   0.472984227290463
   3.141592653589793   1.338667536279651   0.678933079025794
   3.141592653589793   1.481784534943186   0.092502450355699
   3.141592653589793   1.483529864195180   0.280998009571087
   3.141592653589793   1.487020522699169   0.472984227290463
   3.141592653589793   1.494001839707146   0.678933079025794
   3.331833542057175   0.898844564777080   0.092502450355699
   3.331833542057175   0.909316540289046   0.280998009571087
   3.331833542057175   0.935496479068961   0.472984227290463
   3.331833542057175   0.982620368872807   0.678933079025794
   3.331833542057175   1.111774733520388   0.092502450355699
   3.331833542057175   1.120501379780360   0.280998009571087
   3.331833542057175   1.141445330804292   0.472984227290463
   3.331833542057175   1.176351915844178   0.678933079025794
   3.331833542057175   1.302015621987770   0.092502450355699
   3.331833542057175   1.307251609743753   0.280998009571087
   3.331833542057175   1.317723585255719   0.472984227290463
   3.331833542057175   1.338667536279651   0.678933079025794
   3.331833542057175   1.481784534943186   0.092502450355699
   3.331833542057175   1.483529864195180   0.280998009571087
   3.331833542057175   1.487020522699169   0.472984227290463
   3.331833542057175   1.494001839707146   0.678933079025794
   3.522074430524557   0.898844564777080   0.092502450355699
   3.522074430524557   0.909316540289046   0.280998009571087
   3.522074430524557   0.935496479068961   0.472984227290463
   3.522074430524557   0.982620368872807   0.678933079025794
   3.522074430524557   1.111774733520388   0.092502450355699
   3.522074430524557   1.120501379780360   0.280998009571087
   3.522074430524557   1.141445330804292   0.472984227290463
   3.522074430524557   1.176351915844178   0.678933079025794
   3.522074430524557   1.302015621987770   0.092502450355699
   3.522074430524557   1.307251609743753   0.280998009571087
   3.522074430524557   1.317723585255719   0.472984227290463
   3.522074430524557   1.338667536279651   0.678933079025794
   3.522074430524557   1.481784534943186   0.092502450355699
   3.522074430524557   1.483529864195180   0.280998009571087
   3.522074430524557   1.487020522699169   0.472984227290463
   3.522074430524557   1.494001839707146   0.678933079025794
   3.712315318991939   0.898844564777080   0.092502450355699
   3.712315318991939   0.909316540289046   0.280998009571087
   3.712315318991939   0.935496479068961   0.472984227290463
   3.712315318991939   0.982620368872807   0.678933079025794
   3.712315318991939   1.111774733520388   0.092502450355699
   3.712315318991939   1.120501379780360   0.280998009571087
   3.712315318991939   1.141445330804292   0.472984227290463
   3.712315318991939   1.176351915844178   0.678933079025794
   3.712315318991939   1.302015621987770   0.092502450355699
   3.712315318991939   1.307251609743753   0.280998009571087
   3.712315318991939   1.317723585255719   0.472984227290463
   3.712315318991939   1.338667536279651   0.678933079025794
   3.712315318991939   1.481784534943186   0.092502450355699
   3.712315318991939   1.483529864195180   0.280998009571087
   3.712315318991939   1.487020522699169   0.472984227290463
   3.712315318991939   1.494001839707146   0.678933079025794
   3.902556207459321   0.898844564777080   0.092502450355699
   3.902556207459321   0.909316540289046   0.280998009571087
   3.902556207459321   0.935496479068961   0.472984227290463
   3.902556207459321   0.982620368872807   0.678933079025794
   3.902556207459321   1.111774733520388   0.092502450355699
   3.902556207459321   1.120501379780360   0.280998009571087
   3.902556207459321   1.141445330804292   0.472984227290463
   3.902556207459321   1.176351915844178   0.678933079025794
   3.902556207459321   1.302015621987770   0.092502450355699
   3.902556207459321   1.307251609743753   0.280998009571087
   3.902556207459321   1.317723585255719   0.472984227290463
   3.902556207459321   1.338667536279651   0.678933079025794
   3.902556207459321   1.481784534943186   0.092502450355699
   3.902556207459321   1.483529864195180   0.280998009571087
   3.902556207459321   1.487020522699169   0.472984227290463
   3.902556207459321   1.494001839707146   0.678933079025794
   4.092797095926703   0.898844564777080   0.092502450355699
   4.092797095926703   0.909316540289046   0.280998009571087
   4.092797095926703   0.935496479068961   0.472984227290463
   4.092797095926703   0.982620368872807   0.678933079025794
   4.092797095926703   1.111774733520388   0.092502450355699
   4.092797095926703   1.120501379780360   0.280998009571087
   4.092797095926703   1.141445330804292   0.472984227290463
   4.092797095926703   1.176351915844178   0.678933079025794
   4.092797095926703   1.302015621987770   0.092502450355699
   4.092797095926703   1.307251609743753   0.280998009571087
   4.092797095926703   1.317723585255719   0.472984227290463
   4.092797095926703   1.338667536279651   0.678933079025794
   4.092797095926703   1.481784534943186   0.092502450355699
   4.092797095926703   1.483529864195180   0.280998009571087
   4.092797095926703   1.487020522699169   0.472984227290463
   4.092797095926703   1.494001839707146   0.678933079025794
   4.284783313646079   0.898844564777080   0.092502450355699
   4.284783313646079   0.909316540289046   0.280998009571087
   4.284783313646079   0.935496479068961   0.472984227290463
   4.284783313646079   0.982620368872807   0.678933079025794
   4.284783313646079   1.111774733520388   0.092502450355699
   4.284783313646079   1.120501379780360   0.280998009571087
   4.284783313646079   1.141445330804292   0.472984227290463
   4.284783313646079   1.176351915844178   0.678933079025794
   4.284783313646079   1.302015621987770   0.092502450355699
   4.284783313646079   1.307251609743753   0.280998009571087
   4.284783313646079   1.317723585255719   0.472984227290463
   4.284783313646079   1.338667536279651   0.678933079025794
   4.284783313646079   1.481784534943186   0.092502450355699
   4.284783313646079   1.483529864195180   0.280998009571087
   4.284783313646079   1.487020522699169   0.472984227290463
   4.284783313646079   1.494001839707146   0.678933079025794
   4.475024202113461   0.898844564777080   0.092502450355699
   4.475024202113461   0.909316540289046   0.280998009571087
   4.475024202113461   0.935496479068961   0.472984227290463
   4.475024202113461   0.982620368872807   0.678933079025794
   4.475024202113461   1.111774733520388   0.092502450355699
   4.475024202113461   1.120501379780360   0.280998009571087
   4.475024202113461   1.141445330804292   0.472984227290463
   4.475024202113461   1.176351915844178   0.678933079025794
   4.475024202113461   1.302015621987770   0.092502450355699
   4.475024202113461   1.307251609743753   0.280998009571087
   4.475024202113461   1.317723585255719   0.472984227290463
   4.475024202113461   1.338667536279651   0.678933079025794
   4.475024202113461   1.481784534943186   0.092502450355699
   4.475024202113461   1.483529864195180   0.280998009571087
   4.475024202113461   1.487020522699169   0.472984227290463
   4.475024202113461   1.494001839707146   0.678933079025794
   4.665265090580843   0.898844564777080   0.092502450355699
   4.665265090580843   0.909316540289046   0.280998009571087
   4.665265090580843   0.935496479068961   0.472984227290463
   4.665265090580843   0.982620368872807   0.678933079025794
   4.665265090580843   1.111774733520388   0.092502450355699
   4.665265090580843   1.120501379780360   0.280998009571087
   4.665265090580843   1.141445330804292   0.472984227290463
   4.665265090580843   1.176351915844178   0.678933079025794
   4.665265090580843   1.302015621987770   0.092502450355699
   4.665265090580843   1.307251609743753   0.280998009571087
   4.665265090580843   1.317723585255719   0.472984227290463
   4.665265090580843   1.338667536279651   0.678933079025794
   4.665265090580843   1.481784534943186   0.092502450355699
   4.665265090580843   1.483529864195180   0.280998009571087
   4.665265090580843   1.487020522699169   0.472984227290463
   4.665265090580843   1.494001839707146   0.678933079025794
   4.855505979048225   0.898844564777080   0.092502450355699
   4.855505979048225   0.909316540289046   0.280998009571087
   4.855505979048225   0.935496479068961   0.472984227290463
   4.855505979048225   0.982620368872807   0.678933079025794
   4.855505979048225   1.111774733520388   0.092502450355699
   4.855505979048225   1.120501379780360   0.280998009571087
   4.855505979048225   1.141445330804292   0.472984227290463
   4.855505979048225   1.176351915844178   0.678933079025794
   4.855505979048225   1.302015621987770   0.092502450355699
   4.855505979048225   1.307251609743753   0.280998009571087
   4.855505979048225   1.317723585255719   0.472984227290463
   4.855505979048225   1.338667536279651   0.678933079025794
   4.855505979048225   1.481784534943186   0.092502450355699
   4.855505979048225   1.483529864195180   0.280998009571087
   4.855505979048225   1.487020522699169   0.472984227290463
   4.855505979048225   1.494001839707146   0.678933079025794
   5.045746867515607   0.898844564777080   0.092502450355699
   5.045746867515607   0.909316540289046   0.280998009571087
   5.045746867515607   0.935496479068961   0.472984227290463
   5.045746867515607   0.982620368872807   0.678933079025794
   5.045746867515607   1.111774733520388   0.092502450355699
   5.045746867515607   1.120501379780360   0.280998009571087
   5.045746867515607   1.141445330804292   0.472984227290463
   5.045746867515607   1.176351915844178   0.678933079025794
   5.045746867515607   1.302015621987770   0.092502450355699
   5.045746867515607   1.307251609743753   0.280998009571087
   5.045746867515607   1.317723585255719   0.472984227290463
   5.045746867515607   1.338667536279651   0.678933079025794
   5.045746867515607   1.481784534943186   0.092502450355699
   5.045746867515607   1.483529864195180   0.280998009571087
   5.045746867515607   1.487020522699169   0.472984227290463
   5.045746867515607   1.494001839707146   0.678933079025794
   5.235987755982989   0.898844564777080   0.092502450355699
   5.235987755982989   0.909316540289046   0.280998009571087
   5.235987755982989   0.935496479068961   0.472984227290463
   5.235987755982989   0.982620368872807   0.678933079025794
   5.235987755982989   1.111774733520388   0.092502450355699
   5.235987755982989   1.120501379780360   0.280998009571087
   5.235987755982989   1.141445330804292   0.472984227290463
   5.235987755982989   1.176351915844178   0.678933079025794
   5.235987755982989   1.302015621987770   0.092502450355699
   5.235987755982989   1.307251609743753   0.280998009571087
   5.235987755982989   1.317723585255719   0.472984227290463
   5.235987755982989   1.338667536279651   0.678933079025794
   5.235987755982989   1.481784534943186   0.092502450355699
   5.235987755982989   1.483529864195180   0.280998009571087
   5.235987755982989   1.487020522699169   0.472984227290463
   5.235987755982989   1.494001839707146   0.678933079025794
   5.426228644450371   0.898844564777080   0.092502450355699
   5.426228644450371   0.909316540289046   0.280998009571087
   5.426228644450371   0.935496479068961   0.472984227290463
   5.426228644450371   0.982620368872807   0.678933079025794
   5.426228644450371   1.111774733520388   0.092502450355699
   5.426228644450371   1.120501379780360   0.280998009571087
   5.426228644450371   1.141445330804292   0.472984227290463
   5.426228644450371   1.176351915844178   0.678933079025794
   5.426228644450371   1.302015621987770   0.092502450355699
   5.426228644450371   1.307251609743753   0.280998009571087
   5.426228644450371   1.317723585255719   0.472984227290463
   5.426228644450371   1.338667536279651   0.678933079025794
   5.426228644450371   1.481784534943186   0.092502450355699
   5.426228644450371   1.483529864195180   0.280998009571087
   5.426228644450371   1.487020522699169   0.472984227290463
   5.426228644450371   1.494001839707146   0.678933079025794
   5.616469532917753   0.898844564777080   0.092502450355699
   5.616469532917753   0.909316540289046   0.280998009571087
   5.616469532917753   0.935496479068961   0.472984227290463
   5.616469532917753   0.982620368872807   0.678933079025794
   5.616469532917753   1.111774733520388   0.092502450355699
   5.616469532917753   1.120501379780360   0.280998009571087
   5.616469532917753   1.141445330804292   0.472984227290463
   5.616469532917753   1.176351915844178   0.678933079025794
   5.616469532917753   1.302015621987770   0.092502450355699
   5.616469532917753   1.307251609743753   0.280998009571087
   5.616469532917753   1.317723585255719   0.472984227290463
   5.616469532917753   1.338667536279651   0.678933079025794
   5.616469532917753   1.481784534943186   0.092502450355699
   5.616469532917753   1.483529864195180   0.280998009571087
   5.616469532917753   1.487020522699169   0.472984227290463
   5.616469532917753   1.494001839707146   0.678933079025794
   5.806710421385135   0.898844564777080   0.092502450355699
   5.806710421385135   0.909316540289046   0.280998009571087
   5.806710421385135   0.935496479068961   0.472984227290463
   5.806710421385135   0.982620368872807   0.678933079025794
   5.806710421385135   1.111774733520388   0.092502450355699
   5.806710421385135   1.120501379780360   0.280998009571087
   5.806710421385135   1.141445330804292   0.472984227290463
   5.806710421385135   1.176351915844178   0.678933079025794
   5.806710421385135   1.302015621987770   0.092502450355699
   5.806710421385135   1.307251609743753   0.280998009571087
   5.806710421385135   1.317723585255719   0.472984227290463
   5.806710421385135   1.338667536279651   0.678933079025794
   5.806710421385135   1.481784534943186   0.092502450355699
   5.806710421385135   1.483529864195180   0.280998009571087
   5.806710421385135   1.487020522699169   0.472984227290463
   5.806710421385135   1.494001839707146   0.678933079025794
   6.092944418712205   0.898844564777080   0.092502450355699
   6.092944418712205   0.909316540289046   0.280998009571087
   6.092944418712205   0.935496479068961   0.472984227290463
   6.092944418712205   0.982620368872807   0.678933079025794
   6.092944418712205   1.111774733520388   0.092502450355699
   6.092944418712205   1.120501379780360   0.280998009571087
   6.092944418712205   1.141445330804292   0.472984227290463
   6.092944418712205   1.176351915844178   0.678933079025794
   6.092944418712205   1.302015621987770   0.092502450355699
   6.092944418712205   1.307251609743753   0.280998009571087
   6.092944418712205   1.317723585255719   0.472984227290463
   6.092944418712205   1.338667536279651   0.678933079025794
   6.092944418712205   1.481784534943186   0.092502450355699
   6.092944418712205   1.483529864195180   0.280998009571087
   6.092944418712205   1.487020522699169   0.472984227290463
   6.092944418712205   1.494001839707146   0.678933079025794