 118.09   36.83    8.03   0.0010000
  61.49   39.43   37.33   0.0010000
   8.49   46.97   48.35   0.0010000
  58.58   24.65   46.27   0.0010000
 100.79   47.46   70.72   0.0010000
  42.09   61.24   10.89   0.0010000
 104.84   46.59   13.72   0.0010000
 100.90   64.36   19.14   0.0010000
  40.91   49.54   78.62   0.0010000
  44.89   88.25   78.67   0.0010000
  89.52   65.06   46.97   0.0010000
  29.48   65.18   76.13   0.0010000
  88.08   43.68    3.33   0.0010000
  88.07   84.21   27.74   0.0010000
  86.79   44.16   43.98   0.0010000
   5.88   47.20   87.03   0.0010000
  84.63   70.15   35.43   0.0010000
  76.01   83.73   24.74   0.0010000
  33.10   89.64   48.58   0.0010000
  14.89   61.11    4.10   0.0010000
  60.64   86.34   37.26   0.0010000
   2.28   39.56   19.38   0.0010000
 121.71   49.65   27.52   0.0010000
  52.59   73.95   49.73   0.0010000
  10.23   63.39   42.54   0.0010000
  49.72   65.40   46.16   0.0010000
  65.97   66.41   51.66   0.0010000
  76.95   47.48   40.30   0.0010000
  60.95   73.48   51.84   0.0010000
  85.39   80.95   87.60   0.0010000
  46.05   35.63   68.15   0.0010000
  58.12   52.51   22.31   0.0010000
 140.82   38.58   24.02   0.0010000
 161.89   59.19    5.70   0.0010000
 106.23   54.77   23.11   0.0010000
  76.34   39.79   19.22   0.0010000
  67.17   11.81    3.83   0.0010000
  44.42   64.92   84.46   0.0010000
  45.69   88.82   12.17   0.0010000
  59.41   27.22   21.68   0.0010000
  55.56   46.58   17.06   0.0010000
   2.47   81.98   64.31   0.0010000
 104.06   24.92   62.14   0.0010000
  77.14   59.56   33.68   0.0010000
  62.85   80.49   58.51   0.0010000
  74.41   66.07   33.29   0.0010000
 114.06   44.77   52.49   0.0010000
  82.61   53.58   89.44   0.0010000
   6.91   48.16   16.46   0.0010000
  24.26   89.48   22.98   0.0010000
  65.10   40.74   70.17   0.0010000
  83.94   65.95   13.10   0.0010000
  36.82   76.30   13.90   0.0010000
  74.55   27.23    1.49   0.0010000
  63.77   74.71   36.58   0.0010000
  36.52   75.02   66.86   0.0010000
  32.44   47.76   12.21   0.0010000
 141.80   43.44   29.11   0.0010000
  68.83   32.91   16.74   0.0010000
  52.13   79.78   74.16   0.0010000
  84.05   77.36   19.76   0.0010000
  76.77   78.37   30.73   0.0010000
   5.07   15.85   42.42   0.0010000
  44.24   57.79   25.35   0.0010000
  53.87   57.51   16.79   0.0010000
   9.88   76.65   35.36   0.0010000
 171.00   86.80    0.03   0.0010000
 122.72   53.87   10.02   0.0010000
  23.31   72.60    2.56   0.0010000
  67.88   23.98   87.99   0.0010000
   4.97   58.68   76.58   0.0010000
  53.41   88.44   82.03   0.0010000
  88.33   80.30   29.01   0.0010000
  17.32   20.68   20.57   0.0010000
  80.10   87.91   21.70   0.0010000
  34.36   69.98    2.37   0.0010000
  87.88   59.57   27.76   0.0010000
  49.50   82.76   86.40   0.0010000
   6.56   89.41    4.35   0.0010000
   3.21   39.86   40.09   0.0010000
   9.33   38.77   17.78   0.0010000
  57.74   23.59   83.44   0.0010000
  49.38   88.74   25.66   0.0010000
 123.27   76.73    4.64   0.0010000
  40.87   81.66   64.58   0.0010000
  33.63   33.82    8.49   0.0010000
 113.67   53.85   11.75   0.0010000
  60.37   46.06   36.76   0.0010000
  53.29   31.37   16.26   0.0010000
  57.51   47.85   12.55   0.0010000
 127.81   65.30   27.96   0.0010000
  90.69   73.97   32.10   0.0010000
  87.04   63.28   51.48   0.0010000
  78.06   48.34   73.59   0.0010000
   5.67   30.39   36.96   0.0010000
  30.37   22.56    1.70   0.0010000
 131.28   70.09   15.25   0.0010000
  50.66   43.22   59.15   0.0010000
  31.45   88.90   57.55   0.0010000
  39.57   57.48   74.10   0.0010000
  17.95   33.09   15.83   0.0010000
  56.24   15.24   51.28   0.0010000
  84.57   59.60   62.05   0.0010000
 115.73   60.83   17.24   0.0010000
 110.33   76.71   13.90   0.0010000
  36.50   60.20   77.97   0.0010000
 104.26   22.11   45.39   0.0010000
  16.07   62.90    3.59   0.0010000
  17.84   73.13   12.61   0.0010000
  28.57   59.87   59.26   0.0010000
  51.91    2.05    3.33   0.0010000
  89.79   84.08   59.24   0.0010000
  56.68   47.95   33.05   0.0010000
   2.82   79.47   72.18   0.0010000
  66.96   59.64   65.12   0.0010000
 107.63   43.76    9.44   0.0010000
  23.67   62.81   49.29   0.0010000
  42.46   60.48   13.41   0.0010000
  55.21   77.63   52.58   0.0010000
   8.81   65.18   32.45   0.0010000
  35.40   21.00   31.71   0.0010000
  63.24   31.32   62.71   0.0010000
  87.07   76.11   43.59   0.0010000
 135.08   41.04    6.52   0.0010000
 143.38   18.14    0.57   0.0010000
  96.70   69.68    5.69   0.0010000
  16.11   32.80   23.34   0.0010000
  16.05   74.04   16.95   0.0010000
  74.20   57.77   49.05   0.0010000
 119.29   73.87   12.65   0.0010000
  12.54   74.52   65.70   0.0010000
  32.56   83.19   11.73   0.0010000
   4.50   37.55   73.95   0.0010000
 123.43   59.06    2.44   0.0010000
  84.43   55.95   68.84   0.0010000
 101.74    3.43   21.70   0.0010000
  36.60   51.17   28.87   0.0010000
  13.86   88.95   51.54   0.0010000
  80.31   87.31   77.61   0.0010000
  28.70   75.28   37.49   0.0010000
  93.47   68.81   53.70   0.0010000
  41.27   39.00   25.45   0.0010000
  60.38   56.80   74.26   0.0010000
   8.65   35.23   38.79   0.0010000
 120.86   77.52   17.73   0.0010000
  80.56   68.21    7.54   0.0010000
   6.68   84.62   78.95   0.0010000
 103.45   68.14   54.86   0.0010000
  65.10   14.30   86.53   0.0010000
  53.56   71.05    0.52   0.0010000
  92.78   33.71   71.75   0.0010000
  32.77   70.04   16.28   0.0010000
  77.81   28.03   74.05   0.0010000
  49.19   51.72   30.86   0.0010000
  66.46   84.29   85.26   0.0010000
  63.09   80.53   56.32   0.0010000
   2.30   41.31   60.83   0.0010000
  41.91   48.80   39.20   0.0010000
  17.90   47.02   74.00   0.0010000
  19.85   57.10    0.89   0.0010000
  57.78   71.93   35.19   0.0010000
  77.21   73.86   61.71   0.0010000
  64.52   69.46   20.30   0.0010000
  16.07   60.25   73.59   0.0010000
   9.43   78.08   88.52   0.0010000
   3.28   47.62   25.68   0.0010000
 129.08   58.44   18.25   0.0010000
  21.47   63.44   38.99   0.0010000
  81.70   13.99   14.61   0.0010000
  79.76   77.88   24.40   0.0010000
   9.60   86.15   67.40   0.0010000
  19.70   53.17   71.92   0.0010000
  38.04   61.02   13.92   0.0010000
 112.03   62.81   19.69   0.0010000
  48.90   44.16   87.15   0.0010000
   2.35   76.43   40.11   0.0010000
  83.30   44.43   45.10   0.0010000
  10.68   39.83   34.52   0.0010000
 101.28   64.65   47.76   0.0010000
 114.63   49.35    3.51   0.0010000
  82.05   81.51   84.93   0.0010000
  19.96   68.24   35.88   0.0010000
  19.66   43.15   20.18   0.0010000
  33.75   61.29   41.67   0.0010000
 166.33   47.28    4.63   0.0010000
  37.99   64.72   66.51   0.0010000
  76.56   43.37   14.00   0.0010000
  40.70   19.39   59.41   0.0010000
  43.25   63.97   39.52   0.0010000
  21.40   29.40   61.46   0.0010000
  96.41   50.64   26.95   0.0010000
  85.43   60.63   76.59   0.0010000
  24.58   83.09   18.04   0.0010000
  54.79   38.60   25.77   0.0010000
  52.68   48.93   70.47   0.0010000
  34.38   73.82   37.96   0.0010000
  82.88   32.55   88.44   0.0010000
 148.28   73.10    2.02   0.0010000
   5.35   56.62   11.74   0.0010000
  98.32   39.76   55.39   0.0010000
   8.84   45.22   76.31   0.0010000
   1.87   40.08   10.49   0.0010000
  21.49   46.18    8.04   0.0010000
  56.89   74.95   32.53   0.0010000
  35.74   43.76   19.73   0.0010000
  39.47   43.72   48.40   0.0010000
 134.00    4.52   23.54   0.0010000
   5.70   57.63    9.62   0.0010000
 111.29   43.46   55.40   0.0010000
   0.36   71.85   14.05   0.0010000
  91.35   84.69   45.01   0.0010000
  47.74   74.15   24.34   0.0010000
  99.89   52.47   10.30   0.0010000
 103.00   59.55    7.74   0.0010000
  32.33   89.05   43.31   0.0010000
 120.01   48.68   42.99   0.0010000
  81.64   40.28   83.65   0.0010000
  15.99   59.14    1.85   0.0010000
  76.61   48.02   47.36   0.0010000
  12.90   41.21   24.03   0.0010000
  64.71   83.20   13.41   0.0010000
  78.99   47.47   55.32   0.0010000
   1.49   75.17   47.82   0.0010000
  27.71   44.23   50.69   0.0010000
  12.92   57.01   77.47   0.0010000
  85.04   71.31   12.91   0.0010000
  70.96   45.63   11.39   0.0010000
  56.57   71.79    7.61   0.0010000
   0.99   49.71   59.09   0.0010000
  45.16   88.43   11.22   0.0010000
  47.62   84.44   49.88   0.0010000
  40.07   86.35   42.13   0.0010000
  37.06   89.30    5.48   0.0010000
  95.51   85.97   32.28   0.0010000
 131.33   52.96    1.61   0.0010000
  20.92   75.74   54.85   0.0010000
  81.35   87.79   18.54   0.0010000
  80.00   68.75   33.14   0.0010000
  23.06   22.96    9.74   0.0010000
 106.61   25.06   35.12   0.0010000
  87.77   45.27   16.72   0.0010000
   0.16   20.09   53.50   0.0010000
   2.08   82.47   47.44   0.0010000
  24.97   34.14   58.42   0.0010000
 100.36   73.67   40.39   0.0010000
 136.57   71.49   11.30   0.0010000
  63.09   45.22   60.40   0.0010000
  42.11   59.77   34.48   0.0010000
  86.36   46.82   14.27   0.0010000
  30.39    1.92    4.76   0.0010000
 155.48   45.42   12.19   0.0010000
  27.66   29.44   29.05   0.0010000
 107.89   51.70   35.11   0.0010000
 114.44   48.91   19.22   0.0010000
  75.21   70.12   43.56   0.0010000
  66.82   70.16    7.33   0.0010000
  89.17   53.31   40.19   0.0010000
  13.83   34.13    8.02   0.0010000
   5.53   89.26   88.44   0.0010000
  11.11   61.09   85.35   0.0010000
  19.59   45.47   12.07   0.0010000
   2.68   78.97   89.19   0.0010000
  62.59   29.85   66.38   0.0010000
  67.13   51.81    9.06   0.0010000
  12.54   81.29   21.28   0.0010000
   7.98   65.03   14.51   0.0010000
  24.61   12.55    5.20   0.0010000
 104.59   67.83   37.22   0.0010000
  96.35   44.25   24.72   0.0010000
  66.08   74.31   60.95   0.0010000
 122.91   66.50   27.05   0.0010000
 136.03   40.98   18.13   0.0010000
 143.62   17.39   28.89   0.0010000
  63.33   13.06   63.39   0.0010000
  87.77   39.94   53.00   0.0010000
  86.41   66.41   53.58   0.0010000
  45.96   73.89   86.59   0.0010000
   4.82   70.97   61.18   0.0010000
  15.09   18.58   18.66   0.0010000
  51.24   80.16   21.10   0.0010000
  93.34   70.77   53.81   0.0010000
  77.61   58.86    4.67   0.0010000
  53.41   28.06   23.44   0.0010000
 103.34   58.46   64.18   0.0010000
  71.73   81.31   30.43   0.0010000
  65.47   15.95   51.32   0.0010000
  46.33   30.85   16.07   0.0010000
 107.13   61.46   14.75   0.0010000
 129.62   42.56   24.84   0.0010000
 135.15   37.72   21.93   0.0010000
  67.67   67.10   25.77   0.0010000
 120.83   31.86   23.25   0.0010000
  21.63   56.15    1.62   0.0010000
  77.13   55.18   41.18   0.0010000
  36.31   65.40   56.46   0.0010000
  61.62   56.86   71.98   0.0010000
 105.62   35.07   44.96   0.0010000
  23.36   31.13   79.53   0.0010000
 158.35   31.01   10.58   0.0010000
  90.91   82.40    6.20   0.0010000
  80.61   71.91   15.95   0.0010000
  54.47   82.00   78.66   0.0010000
  92.82   32.58   60.08   0.0010000
   5.04   16.15   46.25   0.0010000
  42.17   35.08   48.17   0.0010000
  86.55   81.86    5.07   0.0010000
  66.57   70.78   10.67   0.0010000
  78.65   72.18   16.18   0.0010000
  73.28   49.31    9.12   0.0010000
  77.46   78.28   69.31   0.0010000
  38.32   40.83   47.64   0.0010000
  69.22   26.21   54.05   0.0010000
  65.55   75.46   53.59   0.0010000
   3.61   33.20   20.06   0.0010000
  95.59   76.16   62.32   0.0010000
  80.48   50.34   72.72   0.0010000
   4.87   43.89   80.14   0.0010000
  29.24   21.20   78.72   0.0010000
  26.25    8.06    5.95   0.0010000
  62.55   48.65   43.12   0.0010000
  24.94   37.12   30.67   0.0010000
  27.87   45.95   63.97   0.0010000
  95.24   47.00   67.98   0.0010000
 118.31   35.44   13.49   0.0010000
  55.96   79.60   89.41   0.0010000
  44.67   86.83   14.46   0.0010000
  88.37   55.31    2.74   0.0010000
  26.69   53.09   23.21   0.0010000
  13.28   56.34   60.81   0.0010000
  16.09   76.58    5.91   0.0010000
  97.16   73.37   63.80   0.0010000
   3.96   87.81    1.59   0.0010000
  45.81   87.39   62.69   0.0010000
  25.28   28.94   83.83   0.0010000
  87.30   48.00   87.34   0.0010000
 150.41   53.73    1.05   0.0010000
  23.13   55.69   68.48   0.0010000
  64.05   88.86   48.30   0.0010000
  85.47   61.95   18.96   0.0010000
  79.46   86.03   59.64   0.0010000
  16.59   73.30   86.60   0.0010000
 134.66   51.93   31.42   0.0010000
  43.08   68.65   43.54   0.0010000
  16.73   47.99   23.06   0.0010000
 160.86   39.96    7.49   0.0010000
  84.50   79.86   22.89   0.0010000
  35.43   70.65   52.64   0.0010000
  64.84   73.60   24.89   0.0010000
 124.20   44.29   39.78   0.0010000
  94.87   85.14    0.13   0.0010000
 153.62   57.31   13.34   0.0010000
  88.39   82.58   26.90   0.0010000
  66.75   65.21   81.99   0.0010000
  76.76   81.69    8.04   0.0010000
  69.57   82.52   16.62   0.0010000
  99.60   42.17   15.25   0.0010000
  81.59   41.60   26.92   0.0010000
  10.71   66.44   12.28   0.0010000
  28.11   89.97   84.72   0.0010000
  63.31   76.18   68.29   0.0010000
  94.65   68.89   34.81   0.0010000
  76.78   59.83    5.38   0.0010000
  31.62   43.76   82.06   0.0010000
 128.58   54.93   21.60   0.0010000
  20.41   44.22   88.85   0.0010000
  65.99   89.62   50.77   0.0010000
  97.47   56.26   47.93   0.0010000
  79.08   74.59   51.61   0.0010000
 146.26   67.86    2.76   0.0010000
  93.10   22.83   46.00   0.0010000
  27.03   27.48   83.67   0.0010000
  45.93   43.97   88.84   0.0010000
  60.91   75.29   16.34   0.0010000
  67.81   65.21   44.72   0.0010000
  35.43   19.25   26.40   0.0010000
 142.52   47.43   23.99   0.0010000
  57.55   35.70   12.03   0.0010000
  60.06   32.29    9.94   0.0010000
  85.42   60.71   21.73   0.0010000
  43.08   80.72   10.10   0.0010000
  53.42    8.51   19.55   0.0010000
 121.72   49.94   37.08   0.0010000
  11.13   86.47   59.26   0.0010000
 100.25   71.67   54.93   0.0010000
  45.94   78.55   64.69   0.0010000
  24.96   64.93   39.12   0.0010000
  60.42   33.63   55.18   0.0010000
  57.25   26.24   52.69   0.0010000
  46.43   57.22   42.17   0.0010000
  33.10   44.24   65.64   0.0010000
 111.88   44.63   18.22   0.0010000
  13.44   55.66   58.07   0.0010000
  64.93   53.52   36.62   0.0010000
 136.38   24.51    0.49   0.0010000
  47.50   14.49   81.95   0.0010000
  87.58   23.79   86.56   0.0010000
  25.71   18.45   58.08   0.0010000
  83.71   89.90   19.57   0.0010000
 125.89   66.12   18.88   0.0010000
   9.60   49.73    3.77   0.0010000
  45.91   48.18   13.48   0.0010000
  36.82   88.38   52.48   0.0010000
  31.41   44.52   62.51   0.0010000
  30.24   71.25   33.20   0.0010000
  90.11   28.06   73.27   0.0010000
  79.41   74.76    9.57   0.0010000
  43.86   52.42   81.69   0.0010000
  11.25   50.04   55.08   0.0010000
 101.12   29.73    6.18   0.0010000
  85.98   25.70   64.69   0.0010000
  30.23   60.70   10.51   0.0010000
  70.59   22.91   86.80   0.0010000
 126.14   45.59   27.62   0.0010000
  30.03   85.06   86.18   0.0010000
  31.47    7.60   42.48   0.0010000
  52.49   85.11   56.94   0.0010000
  72.49   74.75   41.49   0.0010000
  29.59   56.72   11.82   0.0010000
  58.66   46.31   31.13   0.0010000
  73.69   61.01   60.03   0.0010000
 108.86   39.43   39.17   0.0010000
 101.92   40.09   35.50   0.0010000
  42.43    1.14   24.41   0.0010000
 149.44   42.97   13.68   0.0010000
  93.71   48.53   29.00   0.0010000
  53.09   61.97   75.88   0.0010000
  14.70   73.49   46.41   0.0010000
 114.95   39.87    0.12   0.0010000
  42.65   41.20   19.91   0.0010000
  48.06   87.43   13.60   0.0010000
 106.05   62.80   51.69   0.0010000
  93.58   65.10   35.79   0.0010000
  64.38   61.12   42.16   0.0010000
   6.31   84.02    3.74   0.0010000
 104.44   41.65   39.11   0.0010000
 148.59   62.71    0.07   0.0010000
  59.03   49.33   40.66   0.0010000
  65.57   65.84   55.96   0.0010000
  15.23   42.31   65.24   0.0010000
  32.79   79.40   51.10   0.0010000
  46.26   45.42   82.85   0.0010000
 112.82   56.97   14.07   0.0010000
 152.05   39.73    3.43   0.0010000
  85.78   75.52   60.11   0.0010000
   9.73   73.80   24.41   0.0010000
  42.79   48.87   23.56   0.0010000
  81.34   50.84   42.60   0.0010000
  84.26   39.13   22.72   0.0010000
  87.87   71.98   40.18   0.0010000
  15.32   79.59   74.49   0.0010000
   8.53   61.76   49.55   0.0010000
 136.13   32.31   22.40   0.0010000
   1.66   23.26   87.77   0.0010000
  91.03   48.09   32.20   0.0010000
  96.21   42.50    6.74   0.0010000
  17.95   58.70   55.39   0.0010000
  46.73   59.94   10.32   0.0010000
  78.87   47.62   64.26   0.0010000
  88.81   61.24    3.14   0.0010000
   3.09   35.55   80.79   0.0010000
  38.47   14.79   10.07   0.0010000
   9.69   63.45   76.73   0.0010000
  45.27   75.54    2.47   0.0010000
  93.38   81.42    2.58   0.0010000
  72.84   75.54   12.46   0.0010000
  32.75   27.15   41.88   0.0010000
  23.14   88.90   37.36   0.0010000
 151.71   51.33    9.15   0.0010000
   0.60   33.52    9.04   0.0010000
  37.52   89.48   29.22   0.0010000
  31.55   38.76   79.49   0.0010000
  81.63   26.62   65.99   0.0010000
   5.68   34.48   61.18   0.0010000
  98.03   36.76    5.30   0.0010000
  73.62   71.87    3.86   0.0010000
  64.12   20.72   30.56   0.0010000
  18.89   83.45   54.35   0.0010000
  80.95   28.88   24.48   0.0010000
  64.28   38.81   73.06   0.0010000
  63.41   79.73   35.16   0.0010000
  32.96   51.53   70.00   0.0010000
 147.04   43.72    1.12   0.0010000
  86.84   84.33   50.13   0.0010000
  75.61   62.59   72.60   0.0010000
 109.89   77.06    0.87   0.0010000
 109.65   60.49   16.40   0.0010000
  24.51   77.14   42.96   0.0010000
  52.03   85.39   60.17   0.0010000
  51.87   83.61   36.71   0.0010000
  44.06   22.86   82.99   0.0010000
  93.17   87.67   29.87   0.0010000
  14.70   70.79   87.20   0.0010000
  84.44   82.64   16.29   0.0010000
  81.55   73.24   46.80   0.0010000
 123.41   61.29    9.85   0.0010000
  70.76   54.26   63.30   0.0010000
  54.47   70.08   78.34   0.0010000
  89.16   86.49   73.33   0.0010000
  79.58   72.28   42.72   0.0010000
  33.39   87.88   10.49   0.0010000
  51.32   61.14   80.41   0.0010000
  23.28   89.28   65.62   0.0010000
 157.10   27.80   15.92   0.0010000
   1.67   35.83   73.96   0.0010000
  57.76   78.01    4.72   0.0010000
  35.51   65.74   22.69   0.0010000
  84.44    8.13   62.48   0.0010000
  74.66   37.13   69.41   0.0010000
  26.58   31.38   41.54   0.0010000
  12.33   81.02    5.37   0.0010000
 138.94   45.99   25.48   0.0010000
  43.31   41.56   53.70   0.0010000
   8.07    6.13   55.32   0.0010000
  93.44   67.08   36.26   0.0010000
  50.71   32.96   18.34   0.0010000
  69.27   44.38   66.04   0.0010000
 107.29   68.99   32.27   0.0010000
  21.91   62.38   65.75   0.0010000
   9.00   32.33   80.67   0.0010000
  24.40   52.34   44.70   0.0010000
 143.15   37.67   21.65   0.0010000
  16.52   52.82   85.65   0.0010000
  94.55   34.21    1.91   0.0010000
  47.84   58.48   82.61   0.0010000
  98.15   53.05   63.28   0.0010000
 132.59   44.35   33.15   0.0010000
  56.02   61.29   62.90   0.0010000
 152.50   49.24    3.44   0.0010000
  43.35   51.43   45.64   0.0010000
   9.18   85.65   31.32   0.0010000
  15.78   78.82   17.30   0.0010000
  61.02   67.50   17.95   0.0010000
   9.81   82.31   29.61   0.0010000
  33.88   51.89   18.31   0.0010000
  39.63   54.91   62.55   0.0010000
  73.29   54.25   20.49   0.0010000
   7.17   44.84   81.39   0.0010000
 108.02   42.48    1.84   0.0010000
 130.39   13.02   18.12   0.0010000
  72.64   86.05   51.08   0.0010000
  17.28   88.31   24.22   0.0010000
  71.57   53.66   57.11   0.0010000
  64.94   44.12   17.43   0.0010000
  21.36   54.08   35.00   0.0010000
  28.16   67.53   26.56   0.0010000
  90.93   83.59   20.47   0.0010000
 106.96   78.44    1.30   0.0010000
  84.89   70.53    0.29   0.0010000
  41.90   54.31   72.62   0.0010000
 114.65   40.25   41.16   0.0010000
   2.15   73.52   73.20   0.0010000
  76.23   51.57   76.09   0.0010000
   4.81   89.84   49.27   0.0010000
  86.73   82.20   47.05   0.0010000
   3.64   89.63   81.55   0.0010000
  93.23   32.06   33.59   0.0010000
  78.51   71.08   26.28   0.0010000
  27.43   32.97   13.03   0.0010000
   7.86   66.74   73.13   0.0010000
  39.62   30.51   45.92   0.0010000
  24.62   73.11    3.03   0.0010000
 111.23   62.64   23.77   0.0010000
   4.38   60.12   68.10   0.0010000
  94.02   78.14   64.07   0.0010000
 120.09   36.67    5.03   0.0010000
  93.75   39.43   63.09   0.0010000
  50.43   87.20   87.55   0.0010000
  47.53   70.00   12.78   0.0010000
 163.02   23.18   10.78   0.0010000
  54.79   34.73   17.50   0.0010000
 113.20   36.63    3.63   0.0010000
  18.77   78.56   10.67   0.0010000
  47.76   85.15   55.83   0.0010000
 138.32   37.09    1.83   0.0010000
  72.21   65.58    3.39   0.0010000
  85.69   63.75    0.61   0.0010000
   3.60   83.24   89.52   0.0010000
 104.73   57.54   49.71   0.0010000
  17.36   74.88   63.28   0.0010000
  60.97   51.73   44.39   0.0010000
 125.89   19.95    8.48   0.0010000
  79.44   24.06   76.74   0.0010000
   0.20   58.44   33.86   0.0010000
  11.08   17.34    3.80   0.0010000
 125.95   17.20   52.63   0.0010000
 100.35   68.47   29.33   0.0010000
  93.43   72.39   12.51   0.0010000
   9.50   21.09   45.48   0.0010000
  89.01   84.13   42.28   0.0010000
  92.81   34.70   24.56   0.0010000
 144.74   15.76   30.55   0.0010000
  97.13   10.77   61.30   0.0010000
  50.90   39.13   42.50   0.0010000
  66.12   65.65   12.91   0.0010000
  42.38   61.60   85.41   0.0010000
   1.63   38.28    7.98   0.0010000
  18.77   65.53   24.60   0.0010000
  89.55   25.96   24.77   0.0010000
  51.97   50.87    8.76   0.0010000
  47.02   65.96    5.76   0.0010000
 112.38   62.17   29.45   0.0010000
  41.77   45.91   71.10   0.0010000
  37.01   63.30   31.26   0.0010000
  28.29   79.68   79.53   0.0010000
  18.40   60.59   60.69   0.0010000
  74.07   21.55   66.89   0.0010000
 173.70   26.00    5.64   0.0010000
 130.02   32.63   25.35   0.0010000
 112.23   11.56   21.05   0.0010000
 105.08   75.02   18.12   0.0010000
   0.97   89.45   35.66   0.0010000
  47.50   70.63    9.59   0.0010000
 128.13   18.79   43.08   0.0010000
  40.54   50.67   18.50   0.0010000
 138.79   29.20   10.70   0.0010000
  63.83   25.17   36.50   0.0010000
 123.87   48.13   40.27   0.0010000
  53.73   44.74   40.22   0.0010000
  60.60   66.62   12.66   0.0010000
  65.86   75.81   55.98   0.0010000
 101.44   37.45   74.73   0.0010000
 104.96   17.21   59.15   0.0010000
  77.86   48.39   51.90   0.0010000
 111.71   49.49   48.11   0.0010000
  79.94   20.01   45.41   0.0010000
  45.18   26.64   61.81   0.0010000
  62.19   46.47   22.84   0.0010000
  30.90   75.68   58.07   0.0010000
  19.81   26.78   45.36   0.0010000
   0.65   84.41   24.97   0.0010000
  76.23   85.47   77.41   0.0010000
  42.77   88.71   73.08   0.0010000
  42.59   88.45    3.96   0.0010000
  14.05   51.03   83.69   0.0010000
  35.35   36.33   31.34   0.0010000
  37.55   85.84   28.41   0.0010000
  94.10   80.16   10.50   0.0010000
  72.77   66.97   42.83   0.0010000
 133.98   29.28   27.08   0.0010000
  64.25   86.88   63.82   0.0010000
  48.40   65.94   80.45   0.0010000
  40.78   46.79   86.55   0.0010000
  38.25    2.97   89.39   0.0010000
 150.98   15.60   26.97   0.0010000
  21.72   45.42   12.09   0.0010000
  40.58   19.36   76.68   0.0010000
   3.10   66.34   34.09   0.0010000
  75.40   40.89   25.23   0.0010000
  16.24   89.57   24.39   0.0010000
 101.19   39.68    6.74   0.0010000
  64.28   28.88   58.85   0.0010000
  19.55   48.87   34.73   0.0010000
 104.07   46.94   69.32   0.0010000
  93.56   73.12   69.80   0.0010000
  58.49   23.03   57.27   0.0010000
  40.88   27.60   59.49   0.0010000
 148.64   39.23   23.69   0.0010000
  36.02   22.88   49.70   0.0010000
  35.08   54.53    2.70   0.0010000
  21.55   89.99   60.11   0.0010000
  67.23   37.29   34.20   0.0010000
 178.82   61.69    0.36   0.0010000
  19.51   57.14   63.89   0.0010000
  39.23   28.44   87.81   0.0010000
   3.16   77.91   29.07   0.0010000
  73.00   41.51   27.12   0.0010000
   2.14   47.39    5.33   0.0010000
  97.37   56.92   70.69   0.0010000
   0.34   76.70   35.29   0.0010000
 119.52   57.90   34.45   0.0010000
  62.60   72.19   24.67   0.0010000
  45.23   76.29   11.50   0.0010000
  27.05   66.42   47.01   0.0010000
  90.35   71.35   30.88   0.0010000
  55.27   33.09   58.04   0.0010000
  60.72   13.04   67.20   0.0010000
  58.41    6.65   83.46   0.0010000
  34.35   70.49    5.58   0.0010000
  25.08   86.66   63.14   0.0010000
  94.65   34.26    3.66   0.0010000
   2.16   40.11    5.99   0.0010000
  11.14   87.81   73.94   0.0010000
 103.19   53.82   66.92   0.0010000
  15.34   32.16   88.55   0.0010000
 133.53   71.68   16.48   0.0010000
  11.36   34.16   64.96   0.0010000
  60.51   84.61   30.69   0.0010000
  61.84   78.44    0.51   0.0010000
  11.71   11.50    6.34   0.0010000
  79.30   72.50   77.70   0.0010000
 113.51   58.50   20.52   0.0010000
 111.09   71.67    9.15   0.0010000
  83.71   46.85    1.05   0.0010000
  51.70   83.75   66.05   0.0010000
  76.98   39.14   25.91   0.0010000
  56.46   69.76   71.53   0.0010000
  85.87   80.21   35.40   0.0010000
   4.97   72.57   70.89   0.0010000
  74.12   79.81   32.45   0.0010000
  96.16   84.86   11.52   0.0010000
  16.86   75.33   39.23   0.0010000
  78.72   29.68   56.81   0.0010000
  47.86   51.46   26.78   0.0010000
  13.46   43.54   21.14   0.0010000
  41.80   76.32   41.57   0.0010000
 142.42   26.06   18.71   0.0010000
  61.99   76.50   41.07   0.0010000
 141.31   20.61   11.25   0.0010000
  86.70   53.50   32.44   0.0010000
  30.64   62.20   33.57   0.0010000
 144.63   31.18   14.01   0.0010000
   3.64   80.72   19.43   0.0010000
   9.24   89.82   88.27   0.0010000
  83.22   79.56   44.53   0.0010000
 125.71   63.11   24.15   0.0010000
 140.56   41.85    3.46   0.0010000
   8.55   43.17   72.78   0.0010000
  48.77   35.30   38.24   0.0010000
   8.39   64.44   87.53   0.0010000
  79.16   27.70   73.84   0.0010000
  74.58   36.15   66.49   0.0010000
   8.80   79.38   59.89   0.0010000
  39.91   89.39   66.84   0.0010000
   2.44   21.29   44.66   0.0010000
 118.77   63.99   23.60   0.0010000
 122.36   72.21    0.24   0.0010000
  26.32   76.03   81.12   0.0010000
  11.41   24.92   89.54   0.0010000
   7.60   81.09   70.13   0.0010000
   4.78   43.06    5.42   0.0010000
   6.76   75.95   10.20   0.0010000
  45.16   29.56    1.56   0.0010000
 124.79   32.01   41.66   0.0010000
  19.71   20.15   11.43   0.0010000
  26.86   74.55   83.89   0.0010000
  39.32   84.03   15.88   0.0010000
  51.51   45.98   14.18   0.0010000
  62.08   45.51   73.24   0.0010000
  48.36   70.67   18.43   0.0010000
 102.65   22.05   60.93   0.0010000
   4.51   72.11   36.65   0.0010000
  89.06   78.44   88.45   0.0010000
  48.80   68.80    4.33   0.0010000
   0.51   42.48   77.99   0.0010000
  99.72   39.40   45.26   0.0010000
  86.71   54.33   25.45   0.0010000
   4.81   44.24   16.08   0.0010000
  53.81   75.74   18.84   0.0010000
   5.31   14.57    2.62   0.0010000
  90.47   74.37   85.15   0.0010000
   2.43   60.02   51.34   0.0010000
  42.73   72.93   15.11   0.0010000
  23.38   62.84   39.32   0.0010000
  44.12    2.39   84.96   0.0010000
  84.33   45.60   35.03   0.0010000
   4.90   64.87   46.94   0.0010000
   0.51   71.47   52.45   0.0010000
  83.91   86.76    5.12   0.0010000
  70.72   57.11   55.75   0.0010000
  22.15    9.99   23.18   0.0010000
   9.07   86.54   88.78   0.0010000
   4.08   22.57   53.26   0.0010000
 148.40   67.74    6.50   0.0010000
  55.59   86.50    5.88   0.0010000
 118.72   50.91   10.94   0.0010000
  73.52   73.93    3.39   0.0010000
   4.39   73.14    6.20   0.0010000
 107.46   77.28   31.65   0.0010000
  80.44   79.13   51.84   0.0010000
  56.96   49.61   43.06   0.0010000
 103.12   45.22   13.51   0.0010000
  67.37   86.24   11.01   0.0010000
  50.81   19.71   64.97   0.0010000
  76.71   72.02   45.85   0.0010000
  79.68   32.55   73.75   0.0010000
 154.38   58.35    3.37   0.0010000
  88.57   39.54   86.13   0.0010000
  89.95   79.14   28.23   0.0010000
  59.26   55.82   85.33   0.0010000
  86.22   25.44   26.07   0.0010000
  65.37   78.13   71.87   0.0010000
  78.87   57.96    0.85   0.0010000
  37.13   65.91   80.60   0.0010000
  32.50   59.08   14.16   0.0010000
  23.58   63.29    0.59   0.0010000
 105.80   48.09   12.23   0.0010000
 124.09   27.61   41.33   0.0010000
  39.54   55.11   60.24   0.0010000
 151.31   47.30    9.13   0.0010000
  36.57   66.46   70.66   0.0010000
  97.18   30.45   62.37   0.0010000
  23.98   84.80   42.00   0.0010000
   9.57   77.93   23.78   0.0010000
 108.55   71.12   41.11   0.0010000
  19.53   55.64   59.34   0.0010000
  82.77   87.82   70.25   0.0010000
 120.80   85.53    0.84   0.0010000
  24.49   12.86   39.20   0.0010000
   4.09   45.46   79.06   0.0010000
  35.55   23.51   18.99   0.0010000
 105.99   75.28    3.61   0.0010000
 125.00   59.99   10.36   0.0010000
 105.32   45.87   31.63   0.0010000
  24.46   66.70   30.62   0.0010000
  60.69   43.77   75.45   0.0010000
 101.87    5.56   65.98   0.0010000
 108.84   72.93   17.06   0.0010000
  34.77   73.92   50.87   0.0010000
  27.64   59.35   75.54   0.0010000
  59.47   84.22   61.19   0.0010000
  31.49   68.50   30.61   0.0010000
   2.74   37.39   70.22   0.0010000
  11.79   40.53    2.87   0.0010000
  85.07   63.13   79.52   0.0010000
   8.98   36.37   23.60   0.0010000
   2.23   71.66   54.58   0.0010000
  68.41   35.58   15.85   0.0010000
  69.45   29.14   27.42   0.0010000
  51.00   66.72   79.66   0.0010000
  90.44   55.83   32.06   0.0010000
 119.23   58.56   37.92   0.0010000
  58.99   88.91   70.33   0.0010000
 117.73   66.13   35.25   0.0010000
 109.46   10.03   19.78   0.0010000
  91.56   47.10   17.63   0.0010000
  99.01   26.31   65.49   0.0010000
 115.47   59.86   24.63   0.0010000
  81.62   64.13   70.19   0.0010000
  77.31   30.86   44.50   0.0010000
  75.12   37.57   75.08   0.0010000
  84.57   85.92   76.20   0.0010000
  97.44   52.51   32.36   0.0010000
  96.52   39.93   24.54   0.0010000
  82.00   24.05   35.22   0.0010000
 171.05   44.30    5.22   0.0010000
  72.45   33.07   74.30   0.0010000
  26.87   48.53   34.96   0.0010000
  88.03   35.90   63.03   0.0010000
 106.78   30.92   55.00   0.0010000
 100.88   59.79   25.89   0.0010000
  81.22   34.37   50.62   0.0010000
  26.86    3.90   21.54   0.0010000
  39.78   89.13   48.29   0.0010000
  81.51   77.95   24.35   0.0010000
  42.68   42.32    0.07   0.0010000
  82.60   62.92   81.31   0.0010000
  53.12   65.81   62.42   0.0010000
  67.42   58.20   72.16   0.0010000
  74.32   14.97    3.63   0.0010000
  26.21   60.16   11.33   0.0010000
   8.17   44.46   13.44   0.0010000
  87.66   56.61   85.72   0.0010000
   3.36   78.72    5.29   0.0010000
  28.65   50.07   46.45   0.0010000
  93.92   20.67   40.39   0.0010000
  21.94   22.19   31.20   0.0010000
  63.97   39.51    6.14   0.0010000
 119.99   81.59    2.36   0.0010000
   9.06   36.76   11.05   0.0010000
  14.15   35.45   39.64   0.0010000
  24.76   75.07   37.98   0.0010000
  80.48   82.88    0.43   0.0010000
 120.06   43.50    1.92   0.0010000
  73.11   84.48   21.01   0.0010000
  86.10   10.42   43.38   0.0010000
  57.90   87.53   82.13   0.0010000
  54.14   53.17   63.35   0.0010000
 124.99   78.28    7.02   0.0010000
  91.34   34.28   79.12   0.0010000
  95.87   45.15   59.01   0.0010000
  15.24   88.94   63.33   0.0010000
  24.03   57.99   18.99   0.0010000
  38.98   49.39    1.67   0.0010000
  86.99   38.76   41.49   0.0010000
 151.82   23.11   13.34   0.0010000
   5.20   46.36   58.55   0.0010000
  81.56   79.44   45.83   0.0010000
 134.76   56.28   23.40   0.0010000
  37.04   34.44   20.92   0.0010000
 114.60   37.19   54.94   0.0010000
  34.95   67.30   40.70   0.0010000
  29.97   83.13   27.84   0.0010000
  66.81   36.13   72.10   0.0010000
  93.86   65.33   23.34   0.0010000
  94.88   65.56    8.33   0.0010000
  19.17   76.72   83.62   0.0010000
  25.20   77.83   52.03   0.0010000
  25.02   77.26    1.14   0.0010000
  92.61   38.23   23.50   0.0010000
   9.85   86.81   11.86   0.0010000
 114.41   73.45   12.45   0.0010000
  84.73   80.47   88.03   0.0010000
  17.37   59.41   64.43   0.0010000
  89.73   52.23   28.07   0.0010000
 123.07   35.09   10.38   0.0010000
 142.66   64.67   16.92   0.0010000
  21.38   84.33   81.59   0.0010000
  37.84   78.15   40.31   0.0010000
  88.23   87.58   18.43   0.0010000
  82.57   67.43   35.07   0.0010000
 113.83   34.56   59.53   0.0010000
  48.04   47.26   38.68   0.0010000
 139.35   30.07   18.49   0.0010000
  88.11   17.91    5.31   0.0010000
  10.98   83.89   73.38   0.0010000
 129.50   71.48   16.53   0.0010000
  35.71   46.34   20.36   0.0010000
  94.04   75.36    4.16   0.0010000
  82.01   38.43   24.01   0.0010000
  51.37   64.94   44.72   0.0010000
   9.25   49.88    9.63   0.0010000
 101.14   67.72    9.95   0.0010000
  18.63   70.97   68.73   0.0010000
  92.07   73.45   61.08   0.0010000
 154.80   73.16    6.03   0.0010000
  42.80   44.46   24.18   0.0010000
 119.23   66.19   22.97   0.0010000
  52.55   77.64   24.53   0.0010000
   5.08   75.39   74.37   0.0010000
 105.64   41.40   40.21   0.0010000
  62.44   60.30   76.66   0.0010000
 134.30   57.36   17.94   0.0010000
  55.04   46.12   77.43   0.0010000
 110.31   20.59   36.39   0.0010000
   6.57   53.60   34.72   0.0010000
 117.27   58.30    9.41   0.0010000
  80.92   53.13   77.91   0.0010000
  93.48   31.44   61.31   0.0010000
 119.27   79.22    0.26   0.0010000
  56.54   72.38   18.54   0.0010000
  56.41   57.16   11.26   0.0010000
  19.48   67.45   77.84   0.0010000
  75.09   72.06   31.20   0.0010000
  20.45   29.60   58.15   0.0010000
  68.72   72.00   54.41   0.0010000
  40.01   64.14   49.87   0.0010000
 104.33   42.42   21.56   0.0010000
  85.10   87.65   37.34   0.0010000
  84.35   35.81   78.44   0.0010000
  80.27   75.35   78.38   0.0010000
  42.98   55.36   69.80   0.0010000
  41.52   32.59   63.08   0.0010000
  44.14   29.99   68.56   0.0010000
  44.57   78.13    9.24   0.0010000
  45.71   24.72   54.13   0.0010000
  17.36   42.41   60.72   0.0010000
  40.61   67.38   39.28   0.0010000
   9.83   47.91   26.66   0.0010000
  70.78   80.20   66.98   0.0010000
  59.60   81.99   53.26   0.0010000
  18.80   23.45   64.24   0.0010000
  89.90   47.14   35.31   0.0010000
  89.16   48.23    5.02   0.0010000
  49.83   15.50   64.64   0.0010000
  79.47   63.28   17.33   0.0010000
  79.79   30.69   26.53   0.0010000
  69.26   71.63   86.46   0.0010000
  45.51   22.95   40.43   0.0010000
  38.58   23.04   67.54   0.0010000
  79.58   32.18   19.00   0.0010000
   7.28   47.35   19.25   0.0010000
  54.61   12.89   57.72   0.0010000
  21.81   82.12   22.25   0.0010000
  36.09   41.53   54.21   0.0010000
  70.45   38.61   49.74   0.0010000
  51.94   74.14    1.11   0.0010000
  33.15   42.74   25.67   0.0010000
  56.46   69.69   79.57   0.0010000
  92.41   44.43   81.81   0.0010000
  88.18   43.43   18.88   0.0010000
  25.45   65.09   61.05   0.0010000
  77.77   68.27   22.28   0.0010000
  42.68   41.75   80.52   0.0010000
  55.75   54.14   74.20   0.0010000
  57.66   63.80   40.27   0.0010000
  18.83   57.64   44.11   0.0010000
  20.46   55.40   47.85   0.0010000
  76.33   21.27    4.97   0.0010000
  88.67   67.63   82.11   0.0010000
  60.99   62.19   81.05   0.0010000
  73.09   28.47    3.40   0.0010000
 121.57   21.58   22.29   0.0010000
 117.80   17.22   18.43   0.0010000
   4.42   74.00   10.12   0.0010000
  45.89   76.52    0.05   0.0010000
  94.63   49.15   35.95   0.0010000
  80.95   28.95    5.18   0.0010000
  44.25   24.74   41.75   0.0010000
   8.25   59.53   50.66   0.0010000
  38.51   44.44   27.33   0.0010000
  40.86   24.60   34.95   0.0010000
  67.91   34.91   56.12   0.0010000
  33.97   88.61   76.98   0.0010000
 102.22   64.14   49.00   0.0010000
  41.54   77.42   36.22   0.0010000
 100.62   21.09   23.52   0.0010000
  69.56   69.14   11.60   0.0010000
  86.08   48.61   54.78   0.0010000
  40.13   84.66   57.82   0.0010000
  58.55   14.53   34.24   0.0010000
